# C:\Users\Jonathan\Documents\GitHub\IB-Physics-B-Computing\Session3\RandDemo6.exe N=999 seed=123
Location1	0.0134277	0.581451	1	1	4
Location1	0.704193	0.399902	2	2	4
Location1	0.98764	0.0996399	3	3	4
Location0	0.938385	0.997253	3	4	3
Location1	0.297852	0.856445	4	5	3.2
Location1	0.623444	0.0228882	5	6	3.33333
Location1	0.136719	0.117889	6	7	3.42857
Location0	0.928619	0.5672	6	8	3
Location0	0.93866	0.964203	6	9	2.66667
Location0	0.963348	0.751648	6	10	2.4
Location1	0.490082	0.0834351	7	11	2.54545
Location1	0.0214539	0.121033	8	12	2.66667
Location1	0.377899	0.5513	9	13	2.76923
Location0	0.866455	0.912537	9	14	2.57143
Location1	0.806976	0.503693	10	15	2.66667
Location1	0.339172	0.358185	11	16	2.75
Location1	0.318024	0.108063	12	17	2.82353
Location1	0.0686951	0.676697	13	18	2.88889
Location1	0.437134	0.739685	14	19	2.94737
Location0	0.568207	0.910889	14	20	2.8
Location0	0.788239	0.769501	14	21	2.66667
Location1	0.496948	0.267242	15	22	2.72727
Location0	0.699615	0.869385	15	23	2.6087
Location1	0.369171	0.113586	16	24	2.66667
Location1	0.835938	0.24115	17	25	2.72
Location1	0.491882	0.291168	18	26	2.76923
Location0	0.886749	0.675934	18	27	2.66667
Location1	0.41214	0.897552	19	28	2.71429
Location0	0.843079	0.849609	19	29	2.62069
Location1	0.655518	0.196381	20	30	2.66667
Location0	0.893036	0.760986	20	31	2.58065
Location1	0.0367126	0.810364	21	32	2.625
Location1	0.467712	0.718628	22	33	2.66667
Location1	0.323822	0.85376	23	34	2.70588
Location1	0.469025	0.782959	24	35	2.74286
Location1	0.537201	0.160492	25	36	2.77778
Location1	0.210205	0.0696106	26	37	2.81081
Location1	0.66449	0.264221	27	38	2.84211
Location1	0.100342	0.820282	28	39	2.87179
Location1	0.0728149	0.286774	29	40	2.9
Location1	0.604767	0.647583	30	41	2.92683
Location1	0.399506	0.390747	31	42	2.95238
Location0	0.511444	0.859741	31	43	2.88372
Location1	0.202698	0.953033	32	44	2.90909
Location1	0.0358276	0.271912	33	45	2.93333
Location1	0.152802	0.115295	34	46	2.95652
Location1	0.794556	0.409729	35	47	2.97872
Location1	0.0462952	0.867493	36	48	3
Location1	0.179474	0.512054	37	49	3.02041
Location1	0.423035	0.320984	38	50	3.04
Location1	0.163635	0.238495	39	51	3.05882
Location1	0.0682983	0.327362	40	52	3.07692
Location1	0.0697937	0.488403	41	53	3.09434
Location1	0.18103	0.0990601	42	54	3.11111
Location1	0.333282	0.237457	43	55	3.12727
Location0	0.488953	0.988403	43	56	3.07143
Location0	0.790283	0.798004	43	57	3.01754
Location1	0.0926819	0.0809021	44	58	3.03448
Location1	0.522583	0.409546	45	59	3.05085
Location1	0.319122	0.759399	46	60	3.06667
Location1	0.790375	0.56543	47	61	3.08197
Location1	0.366394	0.895111	48	62	3.09677
Location1	0.0840454	0.982361	49	63	3.11111
Location1	0.0204773	0.821777	50	64	3.125
Location0	0.82663	0.618439	50	65	3.07692
Location1	0.225861	0.749512	51	66	3.09091
Location1	0.757507	0.646545	52	67	3.10448
Location0	0.790649	0.774017	52	68	3.05882
Location1	0.529388	0.788818	53	69	3.07246
Location1	0.00772095	0.138153	54	70	3.08571
Location0	0.549072	0.919006	54	71	3.04225
Location0	0.473358	0.901276	54	72	3
Location1	0.593964	0.338226	55	73	3.0137
Location0	0.884155	0.673401	55	74	2.97297
Location1	0.234924	0.631226	56	75	2.98667
Location1	0.0937195	0.569855	57	76	3
Location1	0.597168	0.50882	58	77	3.01299
Location1	0.210541	0.0429077	59	78	3.02564
Location1	0.490326	0.542633	60	79	3.03797
Location1	0.0180969	0.746765	61	80	3.05
Location1	0.438721	0.199188	62	81	3.06173
Location1	0.49823	0.0917358	63	82	3.07317
Location1	0.643524	0.0786438	64	83	3.08434
Location1	0.739594	0.644318	65	84	3.09524
Location1	0.407593	0.765076	66	85	3.10588
Location1	0.0119934	0.0292358	67	86	3.11628
Location1	0.0545654	0.194244	68	87	3.12644
Location1	0.287994	0.489532	69	88	3.13636
Location0	0.873413	0.94516	69	89	3.10112
Location0	0.99292	0.761261	69	90	3.06667
Location1	0.119354	0.361969	70	91	3.07692
Location1	0.264954	0.418762	71	92	3.08696
Location0	0.602966	0.911804	71	93	3.05376
Location1	0.505859	0.347046	72	94	3.06383
Location0	0.898346	0.685486	72	95	3.03158
Location1	0.504272	0.497162	73	96	3.04167
Location1	0.701538	0.446899	74	97	3.05155
Location0	0.912231	0.581299	74	98	3.02041
Location1	0.370697	0.137604	75	99	3.0303
Location1	0.356842	0.863281	76	100	3.04
Location1	0.17923	0.242615	77	101	3.0495
Location0	0.96756	0.701294	77	102	3.01961
Location1	0.312958	0.923767	78	103	3.02913
Location0	0.601013	0.998566	78	104	3
Location1	0.142578	0.327118	79	105	3.00952
Location1	0.54425	0.21875	80	106	3.01887
Location0	0.803101	0.970184	80	107	2.99065
Location1	0.977661	0.121857	81	108	3
Location1	0.610748	0.61554	82	109	3.00917
Location0	0.979156	0.877045	82	110	2.98182
Location1	0.349396	0.53717	83	111	2.99099
Location1	0.350281	0.708954	84	112	3
Location0	0.957092	0.58548	84	113	2.97345
Location1	0.0462341	0.733093	85	114	2.98246
Location0	0.644379	0.957458	85	115	2.95652
Location1	0.490265	0.137207	86	116	2.96552
Location1	0.975464	0.0780945	87	117	2.97436
Location1	0.554321	0.364471	88	118	2.98305
Location0	0.943573	0.499451	88	119	2.95798
Location1	0.486938	0.454926	89	120	2.96667
Location1	0.571625	0.223602	90	121	2.97521
Location1	0.569611	0.201385	91	122	2.98361
Location1	0.0696106	0.355499	92	123	2.99187
Location1	0.782867	0.276001	93	124	3
Location1	0.0797424	0.492279	94	125	3.008
Location0	0.263428	0.983795	94	126	2.98413
Location1	0.0409851	0.755127	95	127	2.99213
Location0	0.833801	0.799377	95	128	2.96875
Location1	0.203705	0.870056	96	129	2.97674
Location1	0.384888	0.343292	97	130	2.98462
Location1	0.326111	0.203491	98	131	2.99237
Location0	0.394043	0.953644	98	132	2.9697
Location1	0.583588	0.159485	99	133	2.97744
Location1	0.358459	0.510284	100	134	2.98507
Location0	0.722076	0.844391	100	135	2.96296
Location1	0.426483	0.666534	101	136	2.97059
Location0	0.986969	0.405365	101	137	2.94891
Location1	0.0067749	0.145966	102	138	2.95652
Location0	0.858551	0.948822	102	139	2.93525
Location1	0.637787	0.25943	103	140	2.94286
Location1	0.125427	0.445587	104	141	2.95035
Location1	0.898041	0.299316	105	142	2.95775
Location1	0.326874	0.528107	106	143	2.96503
Location0	0.63858	0.966919	106	144	2.94444
Location1	0.0959473	0.586975	107	145	2.95172
Location1	0.319031	0.489227	108	146	2.9589
Location1	0.433777	0.0722046	109	147	2.96599
Location1	0.728516	0.58139	110	148	2.97297
Location1	0.447235	0.405945	111	149	2.97987
Location0	0.872437	0.911377	111	150	2.96
Location1	0.580322	0.412903	112	151	2.96689
Location1	0.306549	0.222473	113	152	2.97368
Location0	0.871246	0.674377	113	153	2.95425
Location0	0.699677	0.770447	113	154	2.93506
Location1	0.26593	0.712372	114	155	2.94194
Location1	0.906006	0.231506	115	156	2.94872
Location1	0.519501	0.410309	116	157	2.95541
Location1	0.328552	0.737	117	158	2.96203
Location1	0.717072	0.57608	118	159	2.96855
Location1	0.854767	0.191345	119	160	2.975
Location1	0.94455	0.053894	120	161	2.98137
Location1	0.145813	0.529572	121	162	2.98765
Location1	0.141388	0.291382	122	163	2.99387
Location1	0.560394	0.0705261	123	164	3
Location0	0.66626	0.767944	123	165	2.98182
Location1	0.494904	0.621765	124	166	2.98795
Location1	0.606506	0.190613	125	167	2.99401
Location1	0.42041	0.493073	126	168	3
Location1	0.363434	0.863892	127	169	3.00592
Location1	0.398621	0.0741272	128	170	3.01176
Location1	0.543884	0.139465	129	171	3.01754
Location1	0.357269	0.132965	130	172	3.02326
Location1	0.690002	0.352509	131	173	3.0289
Location0	0.906708	0.491394	131	174	3.01149
Location1	0.877808	0.150238	132	175	3.01714
Location0	0.978668	0.233582	132	176	3
Location1	0.716553	0.619659	133	177	3.00565
Location1	0.0685425	0.104248	134	178	3.01124
Location1	0.779297	0.120087	135	179	3.01676
Location1	0.362579	0.252289	136	180	3.02222
Location0	0.996765	0.227142	136	181	3.00552
Location0	0.530792	0.976624	136	182	2.98901
Location1	0.0449524	0.694366	137	183	2.99454
Location1	0.467529	0.630005	138	184	3
Location1	0.258636	0.83844	139	185	3.00541
Location1	0.760101	0.337555	140	186	3.01075
Location1	0.100891	0.254852	141	187	3.01604
Location1	0.167633	0.685699	142	188	3.02128
Location1	0.7211	0.26947	143	189	3.02646
Location1	0.890625	0.0382996	144	190	3.03158
Location1	0.631653	0.0330811	145	191	3.03665
Location0	0.912872	0.635895	145	192	3.02083
Location1	0.0353088	0.664429	146	193	3.02591
Location1	0.196899	0.134338	147	194	3.03093
Location1	0.834076	0.348602	148	195	3.0359
Location1	0.0141907	0.739258	149	196	3.04082
Location0	0.851074	0.796509	149	197	3.02538
Location1	0.191315	0.592377	150	198	3.0303
Location0	0.296326	0.972229	150	199	3.01508
Location1	0.553558	0.566101	151	200	3.02
Location1	0.00830078	0.493774	152	201	3.02488
Location1	0.346802	0.122437	153	202	3.0297
Location1	0.501648	0.61438	154	203	3.03448
Location1	0.919342	0.392883	155	204	3.03922
Location1	0.353302	0.189789	156	205	3.0439
Location1	0.44458	0.134857	157	206	3.04854
Location0	0.957306	0.5383	157	207	3.03382
Location0	0.966248	0.721802	157	208	3.01923
Location1	0.180298	0.599548	158	209	3.02392
Location1	0.546753	0.822296	159	210	3.02857
Location1	0.948547	0.298431	160	211	3.03318
Location0	0.800629	0.925262	160	212	3.01887
Location1	0.297821	0.520233	161	213	3.02347
Location1	0.593872	0.366791	162	214	3.02804
Location0	0.917511	0.603546	162	215	3.01395
Location1	0.190521	0.0154724	163	216	3.01852
Location0	0.720062	0.756866	163	217	3.00461
Location1	0.627777	0.271851	164	218	3.00917
Location1	0.467102	0.305206	165	219	3.0137
Location1	0.600922	0.53894	166	220	3.01818
Location1	0.983307	0.173248	167	221	3.02262
Location0	0.63916	0.819366	167	222	3.00901
Location0	0.989807	0.510895	167	223	2.99552
Location0	0.853851	0.595978	167	224	2.98214
Location1	0.0873413	0.867676	168	225	2.98667
Location1	0.0401611	0.651703	169	226	2.99115
Location0	0.921783	0.822357	169	227	2.97797
Location0	0.413544	0.985291	169	228	2.96491
Location1	0.0618896	0.473724	170	229	2.96943
Location1	0.762146	0.47879	171	230	2.97391
Location1	0.621643	0.698944	172	231	2.97835
Location1	0.2966	0.47348	173	232	2.98276
Location1	0.157898	0.585999	174	233	2.98712
Location0	0.978271	0.910034	174	234	2.97436
Location0	0.87442	0.94577	174	235	2.9617
Location1	0.607178	0.189545	175	236	2.9661
Location1	0.664154	0.310944	176	237	2.97046
Location1	0.451141	0.411407	177	238	2.97479
Location1	0.0203857	0.327057	178	239	2.97908
Location1	0.697021	0.14444	179	240	2.98333
Location0	0.34848	0.942688	179	241	2.97095
Location1	0.505554	0.387512	180	242	2.97521
Location1	0.709076	0.304474	181	243	2.97942
Location0	0.950867	0.875702	181	244	2.96721
Location1	0.524292	0.763702	182	245	2.97143
Location1	0.626099	0.38858	183	246	2.97561
Location1	0.278107	0.900269	184	247	2.97976
Location1	0.196289	0.216736	185	248	2.98387
Location0	0.741913	0.970642	185	249	2.97189
Location1	0.679718	0.442474	186	250	2.976
Location0	0.75708	0.68573	186	251	2.96414
Location1	0.739075	0.19162	187	252	2.96825
Location1	0.105011	0.725159	188	253	2.97233
Location1	0.76358	0.51181	189	254	2.97638
Location0	0.496613	0.894287	189	255	2.96471
Location1	0.0233765	0.0344543	190	256	2.96875
Location1	0.212006	0.329681	191	257	2.97276
Location1	0.677521	0.0758362	192	258	2.97674
Location1	0.422028	0.660004	193	259	2.98069
Location1	0.916718	0.333984	194	260	2.98462
Location1	0.722473	0.528076	195	261	2.98851
Location1	0.0218506	0.837616	196	262	2.99237
Location1	0.912506	0.380585	197	263	2.9962
Location1	0.620239	0.303101	198	264	3
Location0	0.548584	0.93158	198	265	2.98868
Location0	0.919922	0.556	198	266	2.97744
Location1	0.304779	0.205963	199	267	2.98127
Location1	0.203949	0.17334	200	268	2.98507
Location1	0.671387	0.569489	201	269	2.98885
Location1	0.365814	0.00265503	202	270	2.99259
Location1	0.0221863	0.651306	203	271	2.99631
Location0	0.766724	0.714478	203	272	2.98529
Location1	0.582458	0.565063	204	273	2.98901
Location1	0.19696	0.0440674	205	274	2.9927
Location1	0.328461	0.33548	206	275	2.99636
Location1	0.221497	0.878998	207	276	3
Location1	0.350006	0.936066	208	277	3.00361
Location0	0.691895	0.848602	208	278	2.99281
Location0	0.706787	0.844269	208	279	2.98208
Location1	0.705505	0.571686	209	280	2.98571
Location1	0.310516	0.520782	210	281	2.98932
Location1	0.792847	0.218597	211	282	2.99291
Location0	0.863464	0.718628	211	283	2.98233
Location1	0.615326	0.544128	212	284	2.98592
Location1	0.38501	0.0287476	213	285	2.98947
Location1	0.953339	0.0472717	214	286	2.99301
Location1	0.357147	0.568054	215	287	2.99652
Location1	0.267151	0.414215	216	288	3
Location1	0.0205994	0.216431	217	289	3.00346
Location0	0.610962	0.900848	217	290	2.9931
Location1	0.852448	0.308716	218	291	2.99656
Location1	0.181885	0.81076	219	292	3
Location1	0.756714	0.18808	220	293	3.00341
Location1	0.284912	0.725494	221	294	3.0068
Location0	0.999023	0.526886	221	295	2.99661
Location0	0.995209	0.642853	221	296	2.98649
Location1	0.416626	0.821533	222	297	2.9899
Location1	0.298767	0.679535	223	298	2.99329
Location0	0.935333	0.967194	223	299	2.98328
Location0	0.99295	0.494659	223	300	2.97333
Location1	0.923859	0.31897	224	301	2.97674
Location1	0.128021	0.0902405	225	302	2.98013
Location1	0.417755	0.145752	226	303	2.9835
Location1	0.271027	0.144714	227	304	2.98684
Location0	0.7435	0.88269	227	305	2.97705
Location1	0.372894	0.536072	228	306	2.98039
Location1	0.57431	0.0887146	229	307	2.98371
Location1	0.520721	0.210541	230	308	2.98701
Location0	0.94873	0.515839	230	309	2.97735
Location1	0.355804	0.0535278	231	310	2.98065
Location1	0.2836	0.195312	232	311	2.98392
Location0	0.438873	0.918243	232	312	2.97436
Location0	0.91214	0.948334	232	313	2.96486
Location1	0.344147	0.46933	233	314	2.96815
Location1	0.178833	0.226227	234	315	2.97143
Location0	0.762848	0.996887	234	316	2.96203
Location1	0.622162	0.6875	235	317	2.9653
Location1	0.397919	0.857391	236	318	2.96855
Location1	0.27652	0.416931	237	319	2.97179
Location0	0.930908	0.698181	237	320	2.9625
Location1	0.624481	0.193939	238	321	2.96573
Location1	0.842407	0.12088	239	322	2.96894
Location1	0.230591	0.71582	240	323	2.97214
Location0	0.367249	0.940948	240	324	2.96296
Location1	0.588409	0.182251	241	325	2.96615
Location1	0.365753	0.699097	242	326	2.96933
Location1	0.211212	0.147644	243	327	2.97248
Location1	0.392181	0.580658	244	328	2.97561
Location1	0.498444	0.0469055	245	329	2.97872
Location1	0.74173	0.39975	246	330	2.98182
Location1	0.40863	0.301727	247	331	2.98489
Location0	0.757294	0.803925	247	332	2.9759
Location1	0.470367	0.412872	248	333	2.97898
Location1	0.177307	0.355835	249	334	2.98204
Location1	0.162201	0.945221	250	335	2.98507
Location0	0.805634	0.648102	250	336	2.97619
Location1	0.192993	0.811584	251	337	2.97923
Location1	0.285309	0.107666	252	338	2.98225
Location0	0.714172	0.761475	252	339	2.97345
Location1	0.256775	0.645752	253	340	2.97647
Location0	0.994354	0.481537	253	341	2.96774
Location0	0.68219	0.809937	253	342	2.95906
Location1	0.588715	0.213196	254	343	2.9621
Location1	0.617096	0.594238	255	344	2.96512
Location1	0.533173	0.294281	256	345	2.96812
Location1	0.21051	0.563812	257	346	2.9711
Location1	0.595703	0.530792	258	347	2.97406
Location1	0.214844	0.450226	259	348	2.97701
Location1	0.115234	0.804932	260	349	2.97994
Location0	0.786743	0.87384	260	350	2.97143
Location1	0.459778	0.825684	261	351	2.97436
Location1	0.860291	0.349213	262	352	2.97727
Location1	0.634918	0.428223	263	353	2.98017
Location1	0.873779	0.230072	264	354	2.98305
Location1	0.0740662	0.328522	265	355	2.98592
Location1	0.131012	0.75	266	356	2.98876
Location1	0.141418	0.739136	267	357	2.9916
Location1	0.578827	0.815033	268	358	2.99441
Location1	0.379211	0.752563	269	359	2.99721
Location1	0.28186	0.704376	270	360	3
Location1	0.0302734	0.898682	271	361	3.00277
Location1	0.375763	0.335785	272	362	3.00552
Location0	0.867249	0.78183	272	363	2.99725
Location1	0.780243	0.251495	273	364	3
Location1	0.859741	0.204712	274	365	3.00274
Location0	0.453033	0.981049	274	366	2.99454
Location1	0.710541	0.684479	275	367	2.99728
Location0	0.466248	0.9375	275	368	2.98913
Location0	0.792267	0.767761	275	369	2.98103
Location1	0.686188	0.502991	276	370	2.98378
Location1	0.515625	0.0509949	277	371	2.98652
Location1	0.33783	0.459991	278	372	2.98925
Location1	0.660675	0.311707	279	373	2.99196
Location1	0.235565	0.42453	280	374	2.99465
Location1	0.702118	0.657654	281	375	2.99733
Location0	0.960907	0.437622	281	376	2.98936
Location1	0.659912	0.0996399	282	377	2.99204
Location1	0.768951	0.371216	283	378	2.99471
Location1	0.506714	0.454529	284	379	2.99736
Location1	0.504517	0.304596	285	380	3
Location0	0.663116	0.984558	285	381	2.99213
Location1	0.309265	0.528229	286	382	2.99476
Location1	0.612	0.679077	287	383	2.99739
Location1	0.401062	0.3302	288	384	3
Location1	0.1633	0.585327	289	385	3.0026
Location1	0.707123	0.222565	290	386	3.00518
Location1	0.400391	0.0941772	291	387	3.00775
Location1	0.631409	0.763275	292	388	3.01031
Location0	0.839539	0.587219	292	389	3.00257
Location1	0.738586	0.629944	293	390	3.00513
Location1	0.833069	0.351471	294	391	3.00767
Location1	0.634949	0.101898	295	392	3.0102
Location1	0.748505	0.167877	296	393	3.01272
Location0	0.82782	0.606812	296	394	3.00508
Location0	0.953796	0.479797	296	395	2.99747
Location1	0.844971	0.487762	297	396	3
Location1	0.140839	0.548035	298	397	3.00252
Location1	0.394714	0.647522	299	398	3.00503
Location1	0.0179138	0.49823	300	399	3.00752
Location1	0.848602	0.2258	301	400	3.01
Location0	0.902588	0.667267	301	401	3.00249
Location0	0.827454	0.966217	301	402	2.99502
Location1	0.246246	0.154541	302	403	2.99752
Location1	0.172089	0.42865	303	404	3
Location0	0.621552	0.984833	303	405	2.99259
Location1	0.0803528	0.703918	304	406	2.99507
Location1	0.203949	0.788452	305	407	2.99754
Location0	0.690979	0.786285	305	408	2.9902
Location1	0.278687	0.405426	306	409	2.99267
Location1	0.896393	0.26062	307	410	2.99512
Location1	0.804413	0.319763	308	411	2.99757
Location1	0.6651	0.460388	309	412	3
Location1	0.564606	0.329926	310	413	3.00242
Location1	0.654938	0.752197	311	414	3.00483
Location0	0.938293	0.361908	311	415	2.99759
Location1	0.398926	0.104034	312	416	3
Location0	0.820923	0.831238	312	417	2.99281
Location0	0.844299	0.592529	312	418	2.98565
Location1	0.727203	0.459961	313	419	2.98807
Location1	0.526611	0.00616455	314	420	2.99048
Location0	0.606598	0.955017	314	421	2.98337
Location1	0.159515	0.20047	315	422	2.98578
Location1	0.402863	0.454102	316	423	2.98818
Location1	0.92218	0.361115	317	424	2.99057
Location1	0.889404	0.145508	318	425	2.99294
Location1	0.224884	0.83194	319	426	2.99531
Location0	0.810791	0.967865	319	427	2.98829
Location1	0.23468	0.663116	320	428	2.99065
Location0	0.862457	0.796295	320	429	2.98368
Location0	0.941742	0.536896	320	430	2.97674
Location1	0.539368	0.0213013	321	431	2.97912
Location1	0.0483704	0.225891	322	432	2.98148
Location0	0.385345	0.926086	322	433	2.9746
Location1	0.46106	0.241425	323	434	2.97696
Location0	0.673615	0.769409	323	435	2.97011
Location0	0.667786	0.827148	323	436	2.9633
Location1	0.0507507	0.979431	324	437	2.96568
Location0	0.781006	0.954773	324	438	2.9589
Location1	0.174255	0.365356	325	439	2.96128
Location1	0.528015	0.478058	326	440	2.96364
Location0	0.875854	0.752655	326	441	2.95692
Location1	0.969818	0.101227	327	442	2.95928
Location0	0.881409	0.94873	327	443	2.9526
Location1	0.229767	0.317932	328	444	2.95495
Location1	0.618561	0.444519	329	445	2.9573
Location1	0.0132141	0.977417	330	446	2.95964
Location1	0.143677	0.758911	331	447	2.96197
Location1	0.199524	0.633636	332	448	2.96429
Location0	0.719116	0.83197	332	449	2.95768
Location1	0.287323	0.334076	333	450	2.96
Location1	0.072052	0.373199	334	451	2.96231
Location1	0.974823	0.00408936	335	452	2.9646
Location0	0.866425	0.571045	335	453	2.95806
Location1	0.656036	0.083252	336	454	2.96035
Location1	0.418701	0.0702515	337	455	2.96264
Location1	0.114197	0.569946	338	456	2.96491
Location1	0.189392	0.62262	339	457	2.96718
Location1	0.193878	0.13031	340	458	2.96943
Location1	0.0808716	0.318298	341	459	2.97168
Location1	0.732574	0.427979	342	460	2.97391
Location1	0.0734253	0.80307	343	461	2.97614
Location1	0.533661	0.330811	344	462	2.97835
Location1	0.230011	0.388428	345	463	2.98056
Location1	0.661255	0.150696	346	464	2.98276
Location1	0.601837	0.460236	347	465	2.98495
Location0	0.838959	0.572815	347	466	2.97854
Location1	0.0653381	0.0928345	348	467	2.98073
Location1	0.233093	0.430817	349	468	2.98291
Location1	0.622162	0.274048	350	469	2.98507
Location0	0.402008	0.983673	350	470	2.97872
Location1	0.193115	0.648132	351	471	2.98089
Location0	0.692719	0.850891	351	472	2.97458
Location1	0.437683	0.182373	352	473	2.97674
Location1	0.866119	0.262146	353	474	2.9789
Location1	0.630219	0.663727	354	475	2.98105
Location1	0.23172	0.777679	355	476	2.98319
Location1	0.123779	0.431854	356	477	2.98532
Location1	0.0735779	0.135468	357	478	2.98745
Location1	0.433289	0.254852	358	479	2.98956
Location1	0.648621	0.381866	359	480	2.99167
Location1	0.469238	0.75354	360	481	2.99376
Location0	0.538116	0.941345	360	482	2.98755
Location1	0.952545	0.281097	361	483	2.98965
Location0	0.634247	0.78241	361	484	2.98347
Location1	0.542847	0.663849	362	485	2.98557
Location1	0.542603	0.334961	363	486	2.98765
Location0	0.710632	0.709656	363	487	2.98152
Location1	0.681763	0.316254	364	488	2.98361
Location0	0.884705	0.890198	364	489	2.97751
Location1	0.861755	0.121063	365	490	2.97959
Location1	0.906616	0.103394	366	491	2.98167
Location0	0.621887	0.932709	366	492	2.97561
Location1	0.322571	0.921875	367	493	2.97769
Location1	0.109833	0.210938	368	494	2.97976
Location1	0.544861	0.234375	369	495	2.98182
Location0	0.782959	0.713074	369	496	2.97581
Location1	0.413391	0.68576	370	497	2.97787
Location0	0.713135	0.704529	370	498	2.97189
Location1	0.188965	0.822083	371	499	2.97395
Location1	0.776215	0.515106	372	500	2.976
Location1	0.509583	0.347168	373	501	2.97804
Location1	0.507751	0.0973206	374	502	2.98008
Location1	0.340607	0.396576	375	503	2.98211
Location0	0.905823	0.742645	375	504	2.97619
Location1	0.450562	0.235565	376	505	2.97822
Location0	0.962311	0.612549	376	506	2.97233
Location1	0.443481	0.286957	377	507	2.97436
Location1	0.204163	0.23999	378	508	2.97638
Location0	0.879059	0.895447	378	509	2.97053
Location1	0.0254517	0.658051	379	510	2.97255
Location1	0.512207	0.734497	380	511	2.97456
Location1	0.0918884	0.311615	381	512	2.97656
Location1	0.182587	0.261993	382	513	2.97856
Location1	0.598633	0.408508	383	514	2.98054
Location1	0.3862	0.131012	384	515	2.98252
Location0	0.663116	0.866516	384	516	2.97674
Location1	0.0597229	0.961914	385	517	2.97872
Location1	0.633667	0.512207	386	518	2.98069
Location1	0.608734	0.38205	387	519	2.98266
Location1	0.595581	0.687927	388	520	2.98462
Location0	0.711731	0.739258	388	521	2.97889
Location0	0.855499	0.92334	388	522	2.97318
Location0	0.930542	0.395355	388	523	2.9675
Location0	0.685791	0.827698	388	524	2.96183
Location1	0.658752	0.00616455	389	525	2.96381
Location1	0.109772	0.858887	390	526	2.96578
Location1	0.439056	0.693909	391	527	2.96774
Location1	0.00921631	0.125916	392	528	2.9697
Location1	0.181335	0.518616	393	529	2.97164
Location1	0.33548	0.880646	394	530	2.97358
Location1	0.312073	0.154419	395	531	2.97552
Location0	0.705353	0.855408	395	532	2.96992
Location1	0.386841	0.177307	396	533	2.97186
Location1	0.16275	0.102325	397	534	2.97378
Location1	0.196838	0.870422	398	535	2.9757
Location1	0.388	0.491211	399	536	2.97761
Location0	0.900818	0.953278	399	537	2.97207
Location1	0.135315	0.521515	400	538	2.97398
Location1	0.213745	0.140747	401	539	2.97588
Location1	0.180298	0.605255	402	540	2.97778
Location1	0.183319	0.938843	403	541	2.97967
Location1	0.558289	0.476776	404	542	2.98155
Location1	0.585449	0.582642	405	543	2.98343
Location1	0.375031	0.885773	406	544	2.98529
Location1	0.47049	0.523315	407	545	2.98716
Location1	0.970825	0.229645	408	546	2.98901
Location1	0.890656	0.370117	409	547	2.99086
Location1	0.719604	0.281799	410	548	2.9927
Location1	0.340851	0.693756	411	549	2.99454
Location1	0.243713	0.671631	412	550	2.99636
Location0	0.943085	0.59729	412	551	2.99093
Location1	0.326294	0.272858	413	552	2.99275
Location0	0.906738	0.460846	413	553	2.98734
Location1	0.302032	0.156311	414	554	2.98917
Location1	0.295288	0.76651	415	555	2.99099
Location1	0.207489	0.263367	416	556	2.99281
Location1	0.630737	0.409515	417	557	2.99461
Location1	0.4729	0.456329	418	558	2.99642
Location1	0.367645	0.401825	419	559	2.99821
Location1	0.435699	0.102142	420	560	3
Location1	0.767029	0.374878	421	561	3.00178
Location1	0.458008	0.845367	422	562	3.00356
Location1	0.202271	0.787109	423	563	3.00533
Location0	0.928711	0.727051	423	564	3
Location1	0.427795	0.242981	424	565	3.00177
Location1	0.931427	0.305359	425	566	3.00353
Location0	0.841858	0.829437	425	567	2.99824
Location0	0.859955	0.934509	425	568	2.99296
Location1	0.274719	0.876465	426	569	2.99473
Location0	0.762115	0.858246	426	570	2.98947
Location1	0.333588	0.0473328	427	571	2.99124
Location1	0.693359	0.273895	428	572	2.99301
Location1	0.835297	0.165497	429	573	2.99476
Location1	0.861572	0.0233154	430	574	2.99652
Location1	0.358154	0.68399	431	575	2.99826
Location1	0.843781	0.0672302	432	576	3
Location1	0.444275	0.203522	433	577	3.00173
Location1	0.656677	0.398956	434	578	3.00346
Location0	0.483459	0.94574	434	579	2.99827
Location0	0.961914	0.55368	434	580	2.9931
Location0	0.810059	0.587891	434	581	2.98795
Location1	0.187134	0.369904	435	582	2.98969
Location1	0.0437622	0.365051	436	583	2.99142
Location1	0.844666	0.158966	437	584	2.99315
Location1	0.206116	0.845917	438	585	2.99487
Location0	0.828308	0.939087	438	586	2.98976
Location1	0.643402	0.289093	439	587	2.99148
Location0	0.970215	0.890045	439	588	2.98639
Location0	0.287415	0.985413	439	589	2.98132
Location1	0.638672	0.684845	440	590	2.98305
Location1	0.285706	0.492859	441	591	2.98477
Location0	0.658112	0.854584	441	592	2.97973
Location1	0.531769	0.170563	442	593	2.98145
Location1	0.332672	0.842804	443	594	2.98316
Location1	0.127106	0.91745	444	595	2.98487
Location0	0.854523	0.905487	444	596	2.97987
Location1	0.306244	0.522705	445	597	2.98157
Location0	0.878265	0.513	445	598	2.97659
Location0	0.855743	0.533417	445	599	2.97162
Location1	0.542389	0.41037	446	600	2.97333
Location1	0.558655	0.0462036	447	601	2.97504
Location0	0.719604	0.991852	447	602	2.9701
Location1	0.695618	0.328979	448	603	2.97181
Location1	0.77652	0.146271	449	604	2.97351
Location1	0.133881	0.679016	450	605	2.97521
Location1	0.624725	0.229279	451	606	2.9769
Location1	0.0353699	0.423401	452	607	2.97858
Location1	0.343781	0.318909	453	608	2.98026
Location1	0.715271	0.468628	454	609	2.98194
Location1	0.158112	0.410553	455	610	2.98361
Location1	0.68222	0.305084	456	611	2.98527
Location1	0.0482483	0.70752	457	612	2.98693
Location1	0.391174	0.872864	458	613	2.98858
Location0	0.778473	0.663635	458	614	2.98371
Location1	0.740875	0.19516	459	615	2.98537
Location0	0.621368	0.934113	459	616	2.98052
Location1	0.846191	0.185547	460	617	2.98217
Location0	0.561279	0.890839	460	618	2.97735
Location1	0.117462	0.5354	461	619	2.979
Location1	0.257111	0.858185	462	620	2.98065
Location1	0.177612	0.0873718	463	621	2.98229
Location1	0.546539	0.726135	464	622	2.98392
Location1	0.648346	0.601776	465	623	2.98555
Location1	0.772156	0.0961914	466	624	2.98718
Location1	0.336884	0.321625	467	625	2.9888
Location1	0.711365	0.617126	468	626	2.99042
Location1	0.854156	0.242676	469	627	2.99203
Location1	0.390961	0.666077	470	628	2.99363
Location1	0.196014	0.495026	471	629	2.99523
Location1	0.567688	0.0319519	472	630	2.99683
Location1	0.318573	0.742096	473	631	2.99842
Location1	0.156036	0.756744	474	632	3
Location1	0.238922	0.003479	475	633	3.00158
Location1	0.384796	0.791504	476	634	3.00315
Location0	0.692383	0.807983	476	635	2.99843
Location0	0.963013	0.622772	476	636	2.99371
Location1	0.877838	0.0828247	477	637	2.99529
Location1	0.0372009	0.526276	478	638	2.99687
Location1	0.322174	0.685547	479	639	2.99844
Location1	0.220795	0.603668	480	640	3
Location0	0.394836	0.98468	480	641	2.99532
Location1	0.477081	0.258606	481	642	2.99688
Location1	0.504456	0.395508	482	643	2.99844
Location1	0.136841	0.268707	483	644	3
Location1	0.508057	0.277161	484	645	3.00155
Location1	0.832092	0.109467	485	646	3.0031
Location1	0.364471	0.0973511	486	647	3.00464
Location1	0.627106	0.686188	487	648	3.00617
Location1	0.563232	0.270721	488	649	3.0077
Location1	0.127899	0.130646	489	650	3.00923
Location1	0.360046	0.577637	490	651	3.01075
Location0	0.85144	0.818146	490	652	3.00613
Location1	0.350098	0.568909	491	653	3.00766
Location1	0.635986	0.26181	492	654	3.00917
Location1	0.410614	0.863373	493	655	3.01069
Location1	0.373566	0.0398254	494	656	3.0122
Location1	0.543701	0.744141	495	657	3.0137
Location1	0.8461	0.412415	496	658	3.0152
Location0	0.651001	0.960052	496	659	3.01062
Location0	0.946259	0.78421	496	660	3.00606
Location1	0.770935	0.138428	497	661	3.00756
Location1	0.0641479	0.668823	498	662	3.00906
Location0	0.810455	0.71524	498	663	3.00452
Location1	0.92157	0.311523	499	664	3.00602
Location1	0.301849	0.789307	500	665	3.00752
Location1	0.634613	0.626282	501	666	3.00901
Location1	0.216461	0.80658	502	667	3.01049
Location1	0.28598	0.60379	503	668	3.01198
Location1	0.366089	0.480469	504	669	3.01345
Location0	0.788452	0.846039	504	670	3.00896
Location1	0.423645	0.855225	505	671	3.01043
Location1	0.320496	0.38443	506	672	3.0119
Location1	0.0942688	0.917664	507	673	3.01337
Location1	0.11554	0.437225	508	674	3.01484
Location1	0.467804	0.664185	509	675	3.0163
Location1	0.885864	0.262634	510	676	3.01775
Location1	0.0845032	0.0292969	511	677	3.0192
Location0	0.662476	0.764038	511	678	3.01475
Location1	0.744629	0.58139	512	679	3.0162
Location1	0.332611	0.00308228	513	680	3.01765
Location1	0.593628	0.392487	514	681	3.01909
Location1	0.655151	0.27771	515	682	3.02053
Location0	0.513763	0.988129	515	683	3.01611
Location1	0.0364075	0.920349	516	684	3.01754
Location1	0.35376	0.783569	517	685	3.01898
Location1	0.846436	0.473511	518	686	3.02041
Location1	0.0275879	0.912384	519	687	3.02183
Location1	0.558014	0.398407	520	688	3.02326
Location1	0.0135803	0.854095	521	689	3.02467
Location0	0.4888	0.97287	521	690	3.02029
Location1	0.285248	0.766876	522	691	3.02171
Location1	0.428558	0.535309	523	692	3.02312
Location1	0.204865	0.931427	524	693	3.02453
Location0	0.932098	0.730255	524	694	3.02017
Location1	0.411438	0.212616	525	695	3.02158
Location0	0.559692	0.912537	525	696	3.01724
Location1	0.233765	0.944733	526	697	3.01865
Location1	0.846039	0.365387	527	698	3.02006
Location1	0.660431	0.147034	528	699	3.02146
Location1	0.278687	0.489746	529	700	3.02286
Location1	0.397369	0.475494	530	701	3.02425
Location1	0.0679626	0.620117	531	702	3.02564
Location1	0.0448914	0.81723	532	703	3.02703
Location0	0.988617	0.624023	532	704	3.02273
Location0	0.924927	0.933594	532	705	3.01844
Location1	0.07547	0.940552	533	706	3.01983
Location1	0.589813	0.0584412	534	707	3.02122
Location1	0.453522	0.214722	535	708	3.0226
Location0	0.544342	0.857788	535	709	3.01834
Location1	0.0841064	0.18399	536	710	3.01972
Location1	0.211456	0.657043	537	711	3.0211
Location0	0.708557	0.972717	537	712	3.01685
Location1	0.673676	0.341797	538	713	3.01823
Location1	0.769958	0.451141	539	714	3.01961
Location1	0.221161	0.839142	540	715	3.02098
Location0	0.595154	0.815125	540	716	3.01676
Location1	0.237396	0.584839	541	717	3.01813
Location1	0.61734	0.0429077	542	718	3.0195
Location1	0.454346	0.883575	543	719	3.02086
Location1	0.921204	0.384796	544	720	3.02222
Location1	0.107819	0.567505	545	721	3.02358
Location0	0.891418	0.542603	545	722	3.01939
Location1	0.0244141	0.860382	546	723	3.02075
Location1	0.246124	0.694702	547	724	3.0221
Location1	0.1716	0.85257	548	725	3.02345
Location1	0.235992	0.0229187	549	726	3.02479
Location1	0.701599	0.494019	550	727	3.02613
Location1	0.291138	0.897736	551	728	3.02747
Location1	0.0210266	0.510742	552	729	3.02881
Location1	0.895966	0.37793	553	730	3.03014
Location1	0.916901	0.151611	554	731	3.03146
Location1	0.974304	0.180969	555	732	3.03279
Location1	0.270569	0.171387	556	733	3.03411
Location1	0.565125	0.780212	557	734	3.03542
Location0	0.390961	0.956299	557	735	3.03129
Location1	0.0708313	0.7854	558	736	3.03261
Location1	0.498077	0.198486	559	737	3.03392
Location1	0.858795	0.262726	560	738	3.03523
Location1	0.388092	0.0254822	561	739	3.03654
Location1	0.498016	0.15033	562	740	3.03784
Location0	0.811432	0.99118	562	741	3.03374
Location1	0.411407	0.425995	563	742	3.03504
Location0	0.595001	0.834106	563	743	3.03096
Location1	0.225647	0.182953	564	744	3.03226
Location1	0.0397339	0.409729	565	745	3.03356
Location1	0.599274	0.270081	566	746	3.03485
Location1	0.624817	0.702881	567	747	3.03614
Location0	0.810944	0.652924	567	748	3.03209
Location1	0.549835	0.326233	568	749	3.03338
Location1	0.888153	0.151611	569	750	3.03467
Location1	0.145996	0.411713	570	751	3.03595
Location1	0.558838	0.711884	571	752	3.03723
Location1	0.687744	0.300415	572	753	3.03851
Location0	0.805939	0.865753	572	754	3.03448
Location0	0.636139	0.937836	572	755	3.03046
Location1	0.307129	0.537842	573	756	3.03175
Location1	0.844971	0.380341	574	757	3.03303
Location0	0.540314	0.853424	574	758	3.02902
Location1	0.761017	0.319153	575	759	3.0303
Location1	0.836548	0.10498	576	760	3.03158
Location1	0.149933	0.0283508	577	761	3.03285
Location1	0.161407	0.533081	578	762	3.03412
Location1	0.378387	0.642609	579	763	3.03539
Location1	0.906036	0.0779114	580	764	3.03665
Location1	0.784485	0.171692	581	765	3.03791
Location1	0.469452	0.757935	582	766	3.03916
Location1	0.166931	0.157227	583	767	3.04042
Location0	0.912842	0.831421	583	768	3.03646
Location1	0.92511	0.378387	584	769	3.03771
Location1	0.467468	0.397888	585	770	3.03896
Location0	0.880157	0.512665	585	771	3.03502
Location1	0.177582	0.594849	586	772	3.03627
Location1	0.30957	0.157959	587	773	3.03752
Location1	0.458862	0.0466614	588	774	3.03876
Location1	0.225342	0.122314	589	775	3.04
Location0	0.854584	0.72168	589	776	3.03608
Location1	0.42807	0.387268	590	777	3.03732
Location0	0.770081	0.853699	590	778	3.03342
Location1	0.36734	0.651672	591	779	3.03466
Location1	0.466949	0.0841064	592	780	3.0359
Location1	0.339935	0.861298	593	781	3.03713
Location1	0.0983582	0.481262	594	782	3.03836
Location1	0.0575867	0.631561	595	783	3.03959
Location1	0.0666504	0.59256	596	784	3.04082
Location1	0.114716	0.968781	597	785	3.04204
Location1	0.484283	0.186493	598	786	3.04326
Location1	0.388	0.196503	599	787	3.04447
Location1	0.0197754	0.840088	600	788	3.04569
Location0	0.898804	0.493256	600	789	3.04183
Location1	0.909485	0.0284119	601	790	3.04304
Location1	0.1698	0.947845	602	791	3.04425
Location1	0.416687	0.872162	603	792	3.04545
Location1	0.606812	0.538574	604	793	3.04666
Location1	0.519287	0.199921	605	794	3.04786
Location0	0.937531	0.94223	605	795	3.04403
Location1	0.107117	0.0809631	606	796	3.04523
Location1	0.237946	0.579865	607	797	3.04642
Location1	0.470398	0.484924	608	798	3.04762
Location1	0.577911	0.804718	609	799	3.04881
Location1	0.360352	0.224976	610	800	3.05
Location0	0.817322	0.639252	610	801	3.04619
Location1	0.403473	0.84021	611	802	3.04738
Location0	0.583649	0.967163	611	803	3.04359
Location1	0.150391	0.573669	612	804	3.04478
Location0	0.962555	0.586639	612	805	3.04099
Location1	0.540863	0.102631	613	806	3.04218
Location1	0.932556	0.0314331	614	807	3.04337
Location1	0.0661011	0.176788	615	808	3.04455
Location1	0.0750732	0.56546	616	809	3.04574
Location1	0.409302	0.821075	617	810	3.04691
Location1	0.591248	0.257751	618	811	3.04809
Location1	0.846375	0.259094	619	812	3.04926
Location1	0.156464	0.543488	620	813	3.05043
Location1	0.187378	0.213501	621	814	3.0516
Location1	0.644196	0.177917	622	815	3.05276
Location1	0.540283	0.739716	623	816	3.05392
Location0	0.25	0.988678	623	817	3.05018
Location1	0.678406	0.248932	624	818	3.05134
Location1	0.0475159	0.333649	625	819	3.0525
Location1	0.292297	0.876862	626	820	3.05366
Location1	0.506958	0.66983	627	821	3.05481
Location0	0.907959	0.854523	627	822	3.05109
Location1	0.00799561	0.139862	628	823	3.05225
Location1	0.752228	0.0372009	629	824	3.0534
Location0	0.878021	0.582428	629	825	3.0497
Location1	0.346558	0.24765	630	826	3.05085
Location0	0.986908	0.872803	630	827	3.04716
Location1	0.110718	0.590454	631	828	3.04831
Location0	0.429779	0.999481	631	829	3.04463
Location1	0.757355	0.392822	632	830	3.04578
Location1	0.328949	0.7836	633	831	3.04693
Location0	0.759064	0.928986	633	832	3.04327
Location1	0.286041	0.647186	634	833	3.04442
Location1	0.668701	0.583801	635	834	3.04556
Location1	0.516113	0.336304	636	835	3.04671
Location1	0.574646	0.612213	637	836	3.04785
Location1	0.194305	0.00576782	638	837	3.04898
Location1	0.471924	0.150574	639	838	3.05012
Location1	0.0467529	0.571228	640	839	3.05125
Location0	0.830841	0.6362	640	840	3.04762
Location0	0.717041	0.735291	640	841	3.044
Location1	0.14389	0.291412	641	842	3.04513
Location0	0.939178	0.593384	641	843	3.04152
Location0	0.732422	0.828247	641	844	3.03791
Location1	0.0483093	0.226379	642	845	3.03905
Location1	0.594666	0.0299988	643	846	3.04019
Location1	0.860901	0.185516	644	847	3.04132
Location1	0.575531	0.366272	645	848	3.04245
Location1	0.454987	0.276093	646	849	3.04358
Location1	0.640259	0.297211	647	850	3.04471
Location0	0.882324	0.54657	647	851	3.04113
Location1	0.532837	0.423523	648	852	3.04225
Location1	0.343201	0.888611	649	853	3.04338
Location1	0.60022	0.138428	650	854	3.0445
Location1	0.855682	0.154907	651	855	3.04561
Location1	0.0639038	0.937927	652	856	3.04673
Location1	0.94986	0.200958	653	857	3.04784
Location1	0.520203	0.0454102	654	858	3.04895
Location1	0.419037	0.756592	655	859	3.05006
Location0	0.950043	0.506836	655	860	3.04651
Location1	0.658844	0.534027	656	861	3.04762
Location1	0.0198364	0.4133	657	862	3.04872
Location1	0.625122	0.478607	658	863	3.04983
Location0	0.954712	0.406311	658	864	3.0463
Location0	0.942627	0.568115	658	865	3.04277
Location1	0.765167	0.122803	659	866	3.04388
Location1	0.19516	0.0672913	660	867	3.04498
Location1	0.108551	0.73584	661	868	3.04608
Location0	0.928558	0.643799	661	869	3.04258
Location1	0.566467	0.24707	662	870	3.04368
Location1	0.397949	0.251495	663	871	3.04478
Location1	0.619568	0.687775	664	872	3.04587
Location1	0.590332	0.187744	665	873	3.04696
Location1	0.1008	0.88385	666	874	3.04805
Location1	0.55368	0.230835	667	875	3.04914
Location0	0.408325	0.941925	667	876	3.04566
Location1	0.564301	0.263489	668	877	3.04675
Location1	0.259674	0.112335	669	878	3.04784
Location1	0.162811	0.289124	670	879	3.04892
Location1	0.268005	0.185089	671	880	3.05
Location1	0.590973	0.24707	672	881	3.05108
Location1	0.121826	0.07547	673	882	3.05215
Location1	0.659973	0.532501	674	883	3.05323
Location1	0.649658	0.755463	675	884	3.0543
Location1	0.581451	0.628052	676	885	3.05537
Location1	0.550659	0.186737	677	886	3.05643
Location0	0.792969	0.752808	677	887	3.05299
Location1	0.0723572	0.412292	678	888	3.05405
Location1	0.308655	0.93515	679	889	3.05512
Location1	0.417145	0.46228	680	890	3.05618
Location1	0.626556	0.415802	681	891	3.05724
Location1	0.158295	0.230469	682	892	3.0583
Location0	0.723938	0.787018	682	893	3.05487
Location0	0.447266	0.977966	682	894	3.05145
Location1	0.171509	0.774536	683	895	3.05251
Location1	0.292969	0.619843	684	896	3.05357
Location1	0.898376	0.0681152	685	897	3.05463
Location1	0.694824	0.451385	686	898	3.05568
Location1	0.638306	0.107483	687	899	3.05673
Location0	0.910339	0.46994	687	900	3.05333
Location1	0.589203	0.229309	688	901	3.05438
Location0	0.638977	0.948822	688	902	3.051
Location1	0.316284	0.0819702	689	903	3.05205
Location1	0.402985	0.419403	690	904	3.0531
Location1	0.431213	0.713928	691	905	3.05414
Location0	0.906982	0.717468	691	906	3.05077
Location1	0.0773621	0.242401	692	907	3.05182
Location1	0.657257	0.25061	693	908	3.05286
Location1	0.753204	0.50827	694	909	3.05391
Location1	0.621887	0.142212	695	910	3.05495
Location1	0.504974	0.623535	696	911	3.05598
Location1	0.21344	0.409058	697	912	3.05702
Location1	0.0193176	0.817596	698	913	3.05805
Location1	0.375031	0.827881	699	914	3.05908
Location1	0.648041	0.488708	700	915	3.06011
Location1	0.0509644	0.648071	701	916	3.06114
Location0	0.895447	0.86673	701	917	3.0578
Location0	0.823792	0.806091	701	918	3.05447
Location1	0.399872	0.193298	702	919	3.0555
Location0	0.998352	0.798187	702	920	3.05217
Location0	0.940735	0.82605	702	921	3.04886
Location0	0.914337	0.867462	702	922	3.04555
Location1	0.502014	0.17276	703	923	3.04659
Location0	0.768707	0.661743	703	924	3.04329
Location0	0.923889	0.862	703	925	3.04
Location1	0.729095	0.0184631	704	926	3.04104
Location1	0.173187	0.0560913	705	927	3.04207
Location1	0.619537	0.0324707	706	928	3.0431
Location1	0.764618	0.313141	707	929	3.04413
Location1	0.959564	0.0636292	708	930	3.04516
Location1	0.36319	0.904053	709	931	3.04619
Location0	0.638184	0.839905	709	932	3.04292
Location1	0.100037	0.990784	710	933	3.04394
Location1	0.00384521	0.312469	711	934	3.04497
Location1	0.631836	0.572418	712	935	3.04599
Location1	0.651733	0.418976	713	936	3.04701
Location1	0.476074	0.604767	714	937	3.04803
Location1	0.689423	0.411469	715	938	3.04904
Location1	0.65274	0.200317	716	939	3.05005
Location0	0.762421	0.904602	716	940	3.04681
Location1	0.16391	0.314301	717	941	3.04782
Location1	0.620728	0.30127	718	942	3.04883
Location1	0.342468	0.823456	719	943	3.04984
Location1	0.507568	0.751068	720	944	3.05085
Location1	0.601288	0.403687	721	945	3.05185
Location1	0.151825	0.298553	722	946	3.05285
Location1	0.614136	0.112488	723	947	3.05385
Location1	0.644897	0.37674	724	948	3.05485
Location1	0.459045	0.0831604	725	949	3.05585
Location0	0.984039	0.303131	725	950	3.05263
Location1	0.756531	0.236145	726	951	3.05363
Location0	0.562592	0.933441	726	952	3.05042
Location1	0.332428	0.414612	727	953	3.05142
Location1	0.388733	0.130035	728	954	3.05241
Location1	0.438019	0.849701	729	955	3.0534
Location1	0.314453	0.20108	730	956	3.05439
Location1	0.0575256	0.362457	731	957	3.05538
Location1	0.0548096	0.966461	732	958	3.05637
Location1	0.335266	0.208099	733	959	3.05735
Location1	0.280151	0.607117	734	960	3.05833
Location0	0.652679	0.969269	734	961	3.05515
Location0	0.561401	0.953735	734	962	3.05198
Location1	0.38736	0.404327	735	963	3.05296
Location1	0.450287	0.371155	736	964	3.05394
Location0	0.884888	0.656769	736	965	3.05078
Location0	0.475586	0.894592	736	966	3.04762
Location1	0.674622	0.732605	737	967	3.0486
Location1	0.336578	0.774414	738	968	3.04959
Location1	0.461212	0.651337	739	969	3.05057
Location1	0.0750427	0.0849609	740	970	3.05155
Location1	0.922455	0.176849	741	971	3.05252
Location1	0.50705	0.554352	742	972	3.0535
Location0	0.845215	0.535065	742	973	3.05036
Location1	0.695648	0.271088	743	974	3.05133
Location1	0.630371	0.0237122	744	975	3.05231
Location1	0.746063	0.424042	745	976	3.05328
Location0	0.698273	0.921356	745	977	3.05015
Location0	0.704163	0.731628	745	978	3.04703
Location0	0.825775	0.601074	745	979	3.04392
Location0	0.839722	0.716888	745	980	3.04082
Location1	0.946106	0.255798	746	981	3.04179
Location1	0.0958862	0.484528	747	982	3.04277
Location1	0.442993	0.141144	748	983	3.04374
Location1	0.985718	0.156006	749	984	3.04472
Location1	0.470093	0.741913	750	985	3.04569
Location1	0.717316	0.619232	751	986	3.04665
Location1	0.327087	0.76889	752	987	3.04762
Location0	0.828735	0.74884	752	988	3.04453
Location1	0.423706	0.391907	753	989	3.0455
Location1	0.113831	0.75354	754	990	3.04646
Location0	0.862793	0.615295	754	991	3.04339
Location1	0.120453	0.806641	755	992	3.04435
Location1	0.17392	0.202515	756	993	3.04532
Location1	0.0022583	0.615814	757	994	3.04628
Location1	0.228424	0.0555115	758	995	3.04724
Location1	0.00485229	0.0890198	759	996	3.04819
Location1	0.867584	0.455719	760	997	3.04915
Location1	0.368622	0.751892	761	998	3.0501
Location1	0.27478	0.0723267	762	999	3.05105
