0	104.589	0	0	1	1	2	1	3	1	4	1	5	1	6	1	7	1	8	1	9	1	10	1	11	0
1	104.589	0	0	2	1	3	1	4	1	5	1	6	1	7	1	8	1	9	1	10	1	10.8	-1	11	0
2	104.589	0	0	3	1	4	1	5	1	6	1	7	1	8	1	9	1	9.50464	-0.783282	10.231	1.11146	10.5263	-1.10526	11	0
3	104.589	0	0	4	1	5	1	6	1	7	1	8	1	8.46456	-0.536366	9.01751	-0.731781	9.46084	1.26087	9.97863	-1.09807	10.7999	1.37291	11	0
4	104.589	0	0	5	1	6	1	7	1	7.99177	0.957253	8.29914	-0.289781	8.55943	2.50794	9.0281	2.90949	9.34547	-1.0705	10.1108	1.58964	10.4732	-1.54556	11	0
5	104.589	0	0	6	1	7	1	8	1	8.89336	0.769962	9.13467	3.27032	9.63212	0.508655	9.84483	-2.44063	10.1639	4.74079	10.4426	-5.12004	10.8231	4.76382	11	0
6	104.589	0	0	7	1	8	1	8.88399	-0.322706	9.21347	1.13955	9.44592	-4.22519	9.72368	-4.31206	9.9524	4.78214	10.3305	6.13385	10.5832	-3.47728	10.802	-8.52084	11	0
7	104.589	0	0	8	1	8.3308	-0.762268	8.72858	0.117861	9.42678	-0.622768	9.6592	10.4707	9.88144	12.1118	10.1543	2.65428	10.3796	-13.026	10.5961	-2.39096	10.8064	2.71963	11	0
8	104.589	0	0	7.87629	-0.59912	8.13039	0.0372921	8.55187	-1.66691	9.23686	-0.918445	9.45365	-12.0518	9.66652	-5.59494	9.88588	-11.1435	10.1838	-2.5085	10.3893	0.578961	10.7413	8.17084	11	0
9	104.589	0	0	6.94672	-1.08376	7.48503	-1.13064	7.88173	-0.163344	8.80481	0.0129534	9.29581	-0.992398	9.56373	-8.15802	9.85983	-1.31632	10.2649	-4.67458	10.5766	-10.5583	10.7984	-1.61623	11	0
10	104.589	0	0	5.86297	-1.08376	6.35439	-1.13064	7.71839	-0.163344	8.30731	-0.810637	8.7301	3.92378	9.10684	-2.27729	9.75677	0.920937	10.1856	-6.95663	10.4382	1.53736	10.7113	-1.07244	11	0
11	104.589	0	0	4.77921	-1.08376	5.22375	-1.13064	7.28614	-0.778416	7.77156	-0.186363	8.10458	3.53514	8.33005	0.209359	9.12543	-1.1064	10.1147	0.269062	10.5382	-5.88355	10.8641	1.43674	11	0
12	104.589	0	0	3.69546	-1.08376	4.09311	-1.13064	6.50773	-0.778416	7.54067	-0.299843	8.0813	2.94278	8.73835	0.413862	9.33564	-4.55441	9.68363	0.0583836	10.1269	2.29631	10.3407	-0.734069	11	0
13	104.589	0	0	2.6117	-1.08376	2.96248	-1.13064	5.72931	-0.778416	7.20692	-0.351042	7.973	-3.04598	8.77718	-1.07601	9.59367	0.4533	10.1397	1.00496	10.5421	1.84209	10.8612	4.4155	11	0
14	104.589	0	0	1.52795	-1.08376	1.83184	-1.13064	4.95089	-0.778416	6.81662	-0.432456	7.3606	2.00167	7.94845	-0.563106	8.64972	-1.50113	9.52922	-1.08149	10.462	3.68582	10.7488	-1.02168	11	0
15	104.589	0	0	0.444193	-1.08376	0.7012	-1.13064	4.17248	-0.778416	6.38417	-0.432456	6.74816	-2.80625	7.22838	-0.966118	7.8795	-0.0226031	8.65694	-0.696769	9.96848	-0.409443	10.627	-3.3559	11	0
16	104.589	0	0	0.339771	0.392507	1.52923	1.82189	3.39406	-0.778416	5.91664	-0.470135	6.26809	-0.705229	6.87008	-2.4862	7.91146	-0.290099	8.21927	0.41175	9.63375	2.87215	9.88998	-0.254366	11	0
17	104.589	0	0	0.732278	0.392507	2.60274	-0.258356	3.73821	2.34195	5.42527	-0.499566	5.80407	-0.370784	7.27838	1.52713	7.62136	-0.290099	8.58114	-2.68788	8.83414	0.605477	9.84272	0.065287	11	0
18	104.589	0	0	1.12478	0.392507	2.34438	-0.258356	4.9192	-0.093636	6.44113	2.63183	7.26734	1.09718	7.66752	7.3965	8.57001	7.05007	9.25868	0.684992	9.71194	0.169049	9.98671	2.14052	11	0
19	104.589	0	0	1.51729	0.392507	2.08603	-0.258356	4.82556	-0.093636	8.8368	1.45882	9.41841	-8.64575	9.689	-16.9951	10.1055	3.37055	10.3085	20.5328	10.565	-12.5859	10.8201	4.39043	11	0
20	104.589	0	0	1.72171	-0.0414015	2.20384	0.609461	4.73193	-0.093636	7.26707	-2.61535	8.10739	-3.43626	8.62851	1.47819	9.86708	-5.5074	10.2305	7.46763	10.4574	-6.70799	10.767	-1.06325	11	0
21	104.589	0	0	1.68031	-0.0414015	2.8133	0.609461	4.44752	-2.33847	4.86594	0.215344	5.06932	-0.234676	5.32952	-1.78304	5.77181	5.32247	8.05126	3.19833	9.24515	-3.17896	10.7606	0.215908	11	0
22	104.589	0	0	1.63891	-0.0414015	2.21179	-1.74889	3.9255	1.19905	5.04702	0.180117	6.01215	-1.66627	6.23135	1.24172	7.5386	2.37807	9.25721	-6.20305	9.78063	-2.82099	10.8017	-0.531065	11	0
23	104.589	0	0	0.707773	-1.17973	2.24238	0.52776	5.00108	0.237868	5.34513	1.35924	6.55582	-1.24676	7.05317	3.23582	7.74078	5.41486	8.28906	2.05385	10.1202	-0.329976	10.5377	-3.49072	11	0
24	104.589	0	0	0.671952	1.17973	2.77014	0.52776	5.23895	0.237868	6.67905	1.31788	7.0134	-4.02853	7.41961	-1.22549	9.13565	5.19328	9.83421	-3.86139	10.1058	-3.49181	10.6815	1.42655	11	0
25	104.589	0	0	1.85168	1.17973	3.2979	0.52776	5.47682	0.237868	7.80003	0.966658	8.03532	0.715317	8.75777	-9.88597	9.06801	-7.25858	10.0342	-2.17195	10.3956	7.50109	10.7717	-0.843978	11	0
26	104.589	0	0	3.0314	1.17973	3.82566	0.52776	5.71468	0.237868	8.16069	-0.208173	8.44537	2.76985	8.81294	-12.203	9.58447	-5.57604	9.81993	-12.517	10.5538	1.76457	10.8039	4.88103	11	0
27	104.589	0	0	4.17266	0.745082	4.43036	1.39705	5.95255	0.237868	7.36739	-1.08915	8.04973	-6.64718	8.93892	6.24129	9.79425	-6.81616	9.99797	-4.46521	10.3602	-0.823778	10.6187	-0.108281	11	0
28	104.589	0	0	4.91774	0.745082	5.77991	-0.592259	6.03929	1.89437	6.42748	0.45911	6.72298	-1.70704	7.02535	-5.28254	9.10044	4.66415	9.74143	-1.1541	10.1096	4.8264	10.7364	-1.17596	11	0
29	104.589	0	0	5.21271	-0.146479	6.08788	1.19086	6.7794	0.575443	8.23884	1.84226	8.77058	-6.54483	9.64809	-7.95788	9.9647	4.51989	10.1944	-8.64428	10.5274	0.762983	10.7471	-9.37792	11	0
30	104.589	0	0	5.06623	-0.146479	7.17962	0.698527	7.50352	1.31395	8.30926	-1.68174	8.57243	-1.00534	9.53702	-12.4105	9.77563	1.25645	10.076	-4.90843	10.4399	8.65364	10.6746	-13.0199	11	0
31	104.589	0	0	4.91975	-0.146479	6.6731	-1.03879	8.37941	1.13286	8.72916	-0.462506	8.95527	-14.6132	9.44777	11.6498	9.6981	12.8684	10.3508	9.30926	10.5767	-6.66227	10.8333	1.42465	11	0
32	104.589	0	0	4.77327	-0.146479	5.63431	-1.03879	7.74479	-1.55057	8.22943	-0.800096	8.78759	2.80998	9.20035	-16.7054	9.59198	-2.45682	10.268	-1.83721	10.6305	-0.999893	10.8563	8.62954	11	0
33	104.589	0	0	4.47261	-0.741352	4.90389	0.150958	6.19422	-1.55057	6.95034	-1.45881	7.68072	-7.70599	8.7539	-0.730475	9.03796	-1.67886	9.84744	-5.75685	10.3929	4.9338	10.7481	-2.27687	11	0
34	104.589	0	0	3.73126	-0.741352	4.56589	-1.21026	5.21365	-1.3016	5.60432	0.790074	5.91921	-3.41402	6.74901	1.522	7.14741	-6.49582	8.45887	-0.0993166	9.18048	-0.813966	9.77155	0.917125	11	0
35	104.589	0	0	2.98991	-0.741352	3.35563	-1.21026	3.91205	-1.3016	6.25348	0.634136	7.79504	-6.06073	8.16563	-4.4163	8.6487	1.49821	9.06636	2.15589	10.2646	4.49662	10.5764	-2.66637	11	0
36	104.589	0	0	2.04643	-1.05396	2.43828	-1.15829	2.77745	-0.441737	6.74859	0.337235	7.0576	-0.879235	7.96548	9.39508	8.83268	0.165211	9.7286	-2.92646	10.1485	-0.780889	10.3619	-7.52216	11	0
37	104.589	0	0	0.992468	-1.05396	1.27999	-1.15829	2.33572	-0.441737	6.94693	0.104053	7.95679	-6.65103	8.48279	-7.09061	8.89246	1.99479	9.85677	-2.90791	10.1812	-1.70272	10.5924	-7.11658	11	0
38	104.589	0	0	0.14636	0.30495	0.582227	1.83775	1.89398	-0.441737	6.81207	-0.353731	7.52733	5.33937	8.51317	1.15187	8.76472	-1.75742	9.53187	8.90922	10.2464	1.67713	10.798	-6.91589	11	0
39	104.589	0	0	0.45131	0.30495	1.48579	0.0141597	2.85352	2.29364	6.37886	-0.573589	7.38788	2.73853	7.77422	4.4688	8.65035	-1.16561	8.96649	1.15891	9.26909	-9.61845	9.47961	-2.85443	11	0
40	104.589	0	0	0.75626	0.30495	1.49995	0.0141597	5.14716	2.29364	5.73774	-0.668302	6.86063	-4.00331	7.29579	-0.621054	8.64692	-3.66806	9.16676	-7.5774	9.40904	1.91466	9.91397	-2.38263	11	0
41	104.589	0	0	1.06121	0.30495	1.51411	0.0141597	5.23678	-0.245167	7.7244	2.07108	8.39595	-11.1221	8.8836	-14.7861	9.28662	7.15814	9.52901	-8.10971	10.1773	10.608	10.5337	3.75355	11	0
42	104.589	0	0	1.3409	0.11109	1.57879	0.40188	4.99161	-0.245167	7.68085	-1.87909	8.53079	-7.04455	8.82086	-10.4091	9.1862	-21.5511	9.54358	10.9383	9.86468	0.370871	10.7605	-1.6932	11	0
43	104.589	0	0	1.45199	0.11109	1.98067	0.40188	4.74644	-0.245167	5.23483	-2.66993	6.39233	-5.58368	7.62241	2.76632	8.30026	2.21192	8.86048	-0.948926	9.40182	10.0276	10.5347	-1.25609	11	0
44	104.589	0	0	1.56308	0.11109	2.38255	0.40188	2.6701	-2.32354	4.90657	-0.0951632	7.00225	6.59253	8.48616	0.673463	9.18295	-3.3513	9.71714	-2.04084	10.0521	-8.74812	10.5776	1.69202	11	0
45	104.589	0	0	0.874148	-1.1486	2.27418	0.740937	3.512	0.946963	4.7718	-0.29574	5.31983	6.35203	7.08718	-0.746311	7.81509	7.71267	8.97553	-0.245874	9.80818	-3.07071	10.3304	-0.260327	11	0
46	104.589	0	0	0.474457	1.1486	3.01512	0.740937	4.30219	-0.118211	4.68457	1.00803	4.91786	8.34503	6.81768	-7.33855	7.23998	1.1642	7.91789	-0.579933	10.2525	2.09293	10.6402	-1.74724	11	0
47	104.589	0	0	1.62306	1.1486	3.75605	0.740937	4.18398	-0.118211	5.59555	0.754145	6.56757	9.82819	7.72513	-8.55764	8.43535	2.75235	9.6574	0.545108	9.9328	1.3855	10.3029	4.75317	11	0
48	104.589	0	0	2.77167	1.1486	3.99201	0.0536187	4.82323	0.912767	6.19099	0.32431	6.74513	9.88149	8.34749	-2.08838	9.027	1.06299	9.43348	-14.4709	9.74897	-0.15127	10.119	1.04672	11	0
49	104.589	0	0	3.87051	0.418614	4.14515	1.5136	5.736	0.912767	6.26782	-0.170931	8.20669	-9.50311	8.93601	-0.592193	9.72021	1.62369	9.98755	14.5629	10.353	1.00232	10.8397	-5.90412	11	0
